-185.32
 -178.76
 -175.48
 -183.68
 -217.30
 -239.44
 -227.14
 -180.40
 -132.02
 -128.74
 -134.48
 -124.64
  -90.20
  -35.26
   10.66
   30.34
   38.54
   66.42
  113.16
  164.82
  181.22
  177.94
  172.20
  184.50
  219.76
  237.80
  226.32
  176.30
  136.12
  132.02
  127.92
  119.72
   88.56
   38.54
  -11.48
  -35.26
  -45.92
  -66.42
 -112.34
 -159.90
 -183.68
 -183.68
 -173.02
 -185.32
 -217.30
 -238.62
 -228.78
 -177.12
 -132.84
 -127.10
 -133.66
 -125.46
  -87.74
  -36.08
   12.30
   31.98
   41.82
   66.42
  118.08
  162.36
  182.04
  179.58
  171.38
  189.42
  218.12
  240.26
  224.68
  171.38
  137.76
  129.56
  130.38
  119.72
   86.92
   38.54
  -13.94
  -36.08
  -45.92
  -66.42
 -116.44
 -159.90
 -184.50
 -180.40
 -173.02
 -188.60
 -215.66
 -241.90
 -225.50
 -173.02
 -135.30
 -123.82
 -136.12
 -121.36
  -85.28
  -34.44
   12.30
   33.62
   41.82
   65.60
  121.36
  163.18
  182.86
  177.12
  173.02
  189.42
  215.66
  243.54
  220.58
  171.38
  136.12
  127.92
  132.02
  118.08
   85.28
   36.90
  -13.12
  -36.90
  -45.10
  -68.88
 -118.08
 -163.18
 -184.50
 -177.94
 -176.30
 -188.60
 -218.12
 -241.90
 -218.94
 -174.66
 -132.84
 -127.10
 -135.30
 -118.90
  -83.64
  -33.62
   13.12
   35.26
   45.10
   70.52
  120.54
  164.82
  180.40
  175.48
  177.94
  189.42
  219.76
  240.26
  218.12
  173.02
  134.48
  130.38
  129.56
  116.44
   83.64
   34.44
  -12.30
  -38.54
  -48.38
  -72.16
 -117.26
 -165.64
 -182.86
 -179.58
 -177.94
 -188.60
 -220.58
 -238.62
 -220.58
 -172.20
 -131.20
 -129.56
 -132.84
 -119.72
  -80.36
  -29.52
   12.30
   32.80
   45.10
   73.80
  121.36