  -0.82
  787.20
 1237.38
   50.02
 -1191.46
 -963.50
  214.84
  760.96
   75.44
 -869.20
 -893.80
  -67.24
  491.18
  146.78
 -534.64
 -646.98
  -93.48
  363.26
  223.86
 -214.84
 -354.24
  -19.68
  368.18
  358.34
   45.92
 -109.06
   88.56
  372.28
  389.50
  164.82
   33.62
  134.48
  306.68
  309.96
  121.36
  -12.30
   34.44
  164.82
  165.64
   10.66
 -126.28
 -121.36
  -29.52
  -13.94
 -123.00
 -248.46
 -245.18
 -158.26
 -116.44
 -183.68
 -284.54
 -279.62
 -180.40
  -87.74
 -100.04
 -159.90
 -164.00
  -93.48
   -4.92
   30.34
   14.76
    9.02
   58.22
  135.30
  180.40
  173.84
  153.34
  165.64
  198.44
  232.88
  238.62
  208.28
  170.56
  146.78
  145.14
  132.84
  109.88
   83.64
   46.74
    3.28
  -28.70
  -50.84
  -71.34
 -108.24
 -150.88
 -179.58
 -184.50
 -180.40
 -181.22
 -211.56
 -236.98
 -231.24
 -183.68
 -134.48
 -124.64
 -132.84
 -124.64
  -91.84
  -36.90
   10.66
   31.98
   37.72
   63.96
  113.16
  163.18
  180.40
  177.94
  171.38
  183.68
  218.12
  241.90
  225.50
  173.84
  136.94
  131.20
  131.20
  122.18
   88.56
   40.18
  -10.66
  -31.16
  -43.46
  -68.88
 -113.16
 -157.44
 -181.22
 -179.58
 -175.48
 -187.78
 -214.84
 -238.62
 -225.50
 -177.94
 -135.30
 -127.10
 -132.02
 -123.00
  -87.74
  -38.54
    8.20
   31.98
   43.46
   66.42
  115.62
  162.36
  180.40
  178.76
  174.66
  187.78
  217.30
  238.62
  223.86
  174.66
  138.58
  128.74
  128.74
  118.90
   88.56
   39.36
  -11.48
  -35.26
  -44.28
  -67.24
 -113.16
 -163.18
 -182.86
 -177.12
 -174.66
 -188.60
 -218.94
 -239.44
 -223.86
 -173.84
 -133.66
 -128.74
 -136.12
 -121.36
  -85.28
  -33.62
    8.20
   31.98
   45.10
   69.70
  117.26
  162.36
  179.58
  177.12
  177.12
  189.42
  216.48
  237.80
  222.22
  173.02
  137.76
  130.38
  128.74
  117.26
   86.10
   37.72
  -11.48
  -36.08
  -48.38
  -71.34
 -115.62
 -159.90
 -181.22
 -177.94
 -177.94
 -190.24
 -217.30
 -238.62
 -222.22
 -174.66
 -135.30
 -127.92
 -131.20
 -119.72
  -84.46
  -34.44
    9.84
   33.62